      0.0898817    -0.00322582     -0.0166762     -0.0070735     -0.0677797     -0.0622831     -0.0633455     -0.0668377     -0.0619518
    -0.00322582     0.00725131    0.000619248    0.000206589     0.00280271     0.00217011     0.00220316     0.00222923     0.00266272
     -0.0166762    0.000619248      0.0159792      0.0018371      0.0143813      0.0104806      0.0109991      0.0147447     0.00979103
     -0.0070735    0.000206589      0.0018371      0.0174526     0.00719589     0.00390336     0.00466979     0.00548348     0.00457921
     -0.0677797     0.00280271      0.0143813     0.00719589      0.0603492      0.0460646      0.0464235      0.0496116      0.0462721
     -0.0622831     0.00217011      0.0104806     0.00390336      0.0460646      0.0514804      0.0435504      0.0449307      0.0425258
     -0.0633455     0.00220316      0.0109991     0.00466979      0.0464235      0.0435504      0.0528477      0.0466792      0.0426474
     -0.0668377     0.00222923      0.0147447     0.00548348      0.0496116      0.0449307      0.0466792      0.0596215      0.0432137
     -0.0619518     0.00266272     0.00979103     0.00457921      0.0462721      0.0425258      0.0426474      0.0432137      0.0630926
