      0.0141301     0.00018288   -2.74852e-05     0.00041948    -0.00027758     -0.0070495    -0.00704125    -0.00703274    -0.00707257
     0.00018288      0.0134832    0.000348251     -0.0013405   -0.000128309     0.00207508    -0.00079142    -0.00147523   -0.000324776
   -2.74852e-05    0.000348251      0.0298349     0.00417578    -0.00396911     0.00281888    -0.00547102     0.00601881    -0.00328305
     0.00041948     -0.0013405     0.00417578       0.031699    -0.00257097    -0.00115692    -0.00172748     0.00417667    -0.00247839
    -0.00027758   -0.000128309    -0.00396911    -0.00257097      0.0476927    -0.00213262    -0.00281415    -0.00274004     0.00847556
     -0.0070495     0.00207508     0.00281888    -0.00115692    -0.00213262      0.0101432      0.0030817       0.003798     0.00292988
    -0.00704125    -0.00079142    -0.00547102    -0.00172748    -0.00281415      0.0030817      0.0107409     0.00252813     0.00356942
    -0.00703274    -0.00147523     0.00601881     0.00417667    -0.00274004       0.003798     0.00252813      0.0112096     0.00236849
    -0.00707257   -0.000324776    -0.00328305    -0.00247839     0.00847556     0.00292988     0.00356942     0.00236849      0.0111488
