       0.131563     -0.0305582     -0.0721111     -0.0741149     -0.0584031     -0.0691631     -0.0666813
     -0.0305582      0.0595082      0.0098214      0.0240423    0.000226078      0.0111144      0.0315927
     -0.0721111      0.0098214      0.0936338      0.0454049      0.0353832      0.0464429      0.0307654
     -0.0741149      0.0240423      0.0454049      0.0531952      0.0311155      0.0389588      0.0391239
     -0.0584031    0.000226078      0.0353832      0.0311155      0.0396394      0.0318149      0.0253999
     -0.0691631      0.0111144      0.0464429      0.0389588      0.0318149      0.0479024      0.0328684
     -0.0666813      0.0315927      0.0307654      0.0391239      0.0253999      0.0328684      0.0487391
