       0.125136     -0.0253131     -0.0694579     -0.0578488     -0.0636402     -0.0732282     -0.0594662
     -0.0253131      0.0421874       0.011819      0.0044357      0.0224068      0.0155902      0.0130271
     -0.0694579       0.011819      0.0900872      0.0355756      0.0334069       0.049502      0.0336558
     -0.0578488      0.0044357      0.0355756        0.03822      0.0272927      0.0339833      0.0272069
     -0.0636402      0.0224068      0.0334069      0.0272927      0.0448959      0.0369851      0.0302387
     -0.0732282      0.0155902       0.049502      0.0339833      0.0369851       0.054882      0.0345555
     -0.0594662      0.0130271      0.0336558      0.0272069      0.0302387      0.0345555      0.0382397
