       0.148643     -0.0176307     -0.0977305     -0.0793598     -0.0891554     -0.0741476     -0.0627951
     -0.0176307      0.0795421     -0.0219726    -0.00861805      0.0148823    -0.00753683      0.0398361
     -0.0977305     -0.0219726       0.145066       0.068635      0.0685242      0.0595857      0.0171807
     -0.0793598    -0.00861805       0.068635      0.0574014      0.0481369      0.0434997      0.0246723
     -0.0891554      0.0148823      0.0685242      0.0481369      0.0653924       0.044112      0.0374968
     -0.0741476    -0.00753683      0.0595857      0.0434997       0.044112      0.0507782      0.0239259
     -0.0627951      0.0398361      0.0171807      0.0246723      0.0374968      0.0239259      0.0513408
